sim.cycle	Age	Cell_count_Reproduction	AvgFitness	SDFitness	PopulationScale	EnvEffect	AsymCellDiv	SymCellDiv	CellSurvived	CellKilled	Cell_count_Late
10	0	0	NA	NA	INF	0.1	NA	NA	NA	NA	489
11.0	1.0	489.0	1.0	0.1	1.02249	0.1	197.0	1.0	279.0	12.0	478.0
12.0	2.0	478.0	1.0	0.1	1.04603	0.1	204.0	2.0	272.0	0.0	480.0
13.0	3.0	480.0	1.0	0.1	1.04167	0.1	175.0	1.0	297.0	7.0	474.0
14.0	4.0	474.0	1.0	0.1	1.05485	0.1	198.0	0.0	276.0	0.0	474.0
15.0	5.0	474.0	1.0	0.1	1.05485	0.1	192.0	1.0	281.0	0.0	475.0
16.0	6.0	475.0	1.0	0.1	1.05263	0.1	182.0	2.0	291.0	0.0	477.0
17.0	7.0	477.0	1.0	0.1	1.04822	0.1	184.0	3.0	290.0	0.0	480.0
18.0	8.0	480.0	1.0	0.1	1.04167	0.1	187.0	3.0	290.0	0.0	483.0
19.0	9.0	483.0	1.0	0.1	1.0352	0.1	180.0	2.0	301.0	0.0	485.0
20.0	10.0	485.0	1.0	0.1	1.03093	0.1	193.0	2.0	281.0	9.0	478.0
21.0	11.0	478.0	1.0	0.1	1.04603	0.1	232.0	1.0	245.0	0.0	479.0
22.0	12.0	479.0	1.0	0.1	1.04384	0.1	186.0	1.0	292.0	0.0	480.0
23.0	13.0	480.0	1.0	0.1	1.04167	0.1	186.0	1.0	291.0	2.0	479.0
24.0	14.0	479.0	1.0	0.1	1.04384	0.1	189.0	2.0	288.0	0.0	481.0
25.0	15.0	481.0	1.0	0.1	1.0395	0.1	193.0	1.0	287.0	0.0	482.0
26.0	16.0	482.0	1.0	0.1	1.03734	0.1	228.0	1.0	253.0	0.0	483.0
27.0	17.0	483.0	1.0	0.1	1.0352	0.1	189.0	1.0	293.0	0.0	484.0
28.0	18.0	484.0	1.0	0.1	1.03306	0.1	182.0	2.0	297.0	3.0	483.0
29.0	19.0	483.0	1.0	0.1	1.0352	0.1	182.0	1.0	296.0	4.0	480.0
30.0	20.0	480.0	1.0	0.1	1.04167	0.1	209.0	2.0	269.0	0.0	482.0
31.0	21.0	482.0	1.0	0.1	1.03734	0.1	207.0	4.0	271.0	0.0	486.0
32.0	22.0	486.0	1.0	0.1	1.02881	0.1	167.0	1.0	311.0	7.0	480.0
33.0	23.0	480.0	1.0	0.1	1.04167	0.1	195.0	2.0	283.0	0.0	482.0
34.0	24.0	482.0	1.0	0.1	1.03734	0.1	199.0	1.0	252.0	30.0	453.0
35.0	25.0	453.0	1.0	0.1	1.10375	0.1	182.0	2.0	266.0	3.0	452.0
36.0	26.0	452.0	1.0	0.1	1.10619	0.1	183.0	0.0	269.0	0.0	452.0
37.0	27.0	452.0	1.0	0.1	1.10619	0.1	161.0	2.0	267.0	22.0	432.0
38.0	28.0	432.0	1.0	0.1	1.15741	0.1	162.0	1.0	269.0	0.0	433.0
39.0	29.0	433.0	1.0	0.1	1.15473	0.1	187.0	1.0	245.0	0.0	434.0
40.0	30.0	434.0	1.0	0.1	1.15207	0.1	176.0	2.0	256.0	0.0	436.0
41.0	31.0	436.0	1.0	0.1	1.14679	5.1	158.0	5.0	273.0	0.0	441.0
42.0	32.0	441.0	1.0	0.1	1.13379	10.1	168.0	10.0	263.0	0.0	451.0
43.0	33.0	451.0	1.0	0.1	1.10865	15.1	140.0	36.0	264.0	11.0	476.0
44.0	34.0	476.0	1.0	0.1	1.05042	20.1	159.0	36.0	280.0	1.0	511.0
45.0	35.0	511.0	1.0	0.1	0.978474	25.1	132.0	47.0	248.0	84.0	474.0
46.0	36.0	474.0	1.0	0.1	1.05485	30.1	135.0	61.0	230.0	48.0	487.0
47.0	37.0	487.0	1.0	0.1	1.02669	35.1	101.0	64.0	268.0	54.0	497.0
48.0	38.0	497.0	1.0	0.1	1.00604	40.1	124.0	81.0	230.0	62.0	516.0
49.0	39.0	516.0	1.0	0.1	0.968992	45.1	110.0	80.0	228.0	98.0	498.0
50.0	40.0	498.0	1.0	0.1	1.00402	50.1	90.0	115.0	204.0	89.0	524.0
51.0	41.0	524.0	1.0	0.1	0.954198	55.1	88.0	106.0	203.0	127.0	503.0
52.0	42.0	503.0	1.0	0.1	0.994036	60.1	93.0	114.0	178.0	118.0	499.0
53.0	43.0	499.0	1.0	0.1	1.002	65.1	78.0	130.0	131.0	160.0	469.0
54.0	44.0	469.0	1.0	0.1	1.0661	70.1	64.0	135.0	156.0	114.0	490.0
55.0	45.0	490.0	1.0	0.1	1.02041	75.1	51.0	138.0	137.0	164.0	464.0
56.0	46.0	464.0	1.0	0.1	1.07759	80.1	36.0	148.0	144.0	136.0	476.0
57.0	47.0	476.0	1.0	0.1	1.05042	85.1	30.0	150.0	167.0	129.0	497.0
58.0	48.0	497.0	1.0	0.1	1.00604	90.1	13.0	183.0	114.0	187.0	493.0
59.0	49.0	493.0	1.0	0.1	1.0142	95.1	9.0	173.0	121.0	190.0	476.0
60.0	50.0	476.0	1.0	0.1	1.05042	100.1	2.0	176.0	129.0	169.0	483.0
61.0	51.0	483.0	1.0	0.1	1.0352	100.1	0.0	181.0	109.0	193.0	471.0
62.0	52.0	471.0	1.0	0.1	1.06157	100.1	5.0	205.0	86.0	175.0	501.0
63.0	53.0	501.0	1.0	0.1	0.998004	100.1	1.0	214.0	77.0	209.0	506.0
64.0	54.0	506.0	1.0	0.1	0.988142	100.1	0.0	176.0	143.0	187.0	495.0
65.0	55.0	495.0	1.0	0.1	1.0101	100.1	4.0	189.0	118.0	184.0	500.0
66.0	56.0	500.0	1.0	0.1	1.0	100.1	2.0	221.0	72.0	205.0	516.0
67.0	57.0	516.0	1.0	0.1	0.968992	100.1	6.0	222.0	96.0	192.0	546.0
68.0	58.0	546.0	1.0	0.1	0.915751	100.1	3.0	190.0	114.0	239.0	497.0
69.0	59.0	497.0	1.0	0.1	1.00604	100.1	2.0	192.0	103.0	200.0	489.0
70.0	60.0	489.0	1.0	0.1	1.02249	100.1	2.0	220.0	71.0	196.0	513.0
71.0	61.0	513.0	1.0	0.1	0.974659	100.1	2.0	188.0	128.0	195.0	506.0
72.0	62.0	506.0	1.0	0.1	0.988142	100.1	4.0	195.0	105.0	202.0	499.0
73.0	63.0	499.0	1.0	0.1	1.002	100.1	2.0	196.0	104.0	197.0	498.0
74.0	64.0	498.0	1.0	0.1	1.00402	100.1	3.0	191.0	117.0	187.0	502.0
75.0	65.0	502.0	1.0	0.1	0.996016	100.1	1.0	175.0	105.0	221.0	456.0
76.0	66.0	456.0	1.0	0.1	1.09649	100.1	2.0	188.0	115.0	151.0	493.0
77.0	67.0	493.0	1.0	0.1	1.0142	100.1	1.0	185.0	102.0	205.0	473.0
78.0	68.0	473.0	1.0	0.1	1.05708	100.1	1.0	191.0	108.0	173.0	491.0
79.0	69.0	491.0	1.0	0.1	1.01833	100.1	1.0	200.0	114.0	176.0	515.0
80.0	70.0	515.0	1.0	0.1	0.970874	100.1	0.0	195.0	96.0	224.0	486.0
81.0	71.0	486.0	1.0	0.1	1.02881	100.1	1.0	201.0	103.0	181.0	506.0
82.0	72.0	506.0	1.0	0.1	0.988142	100.1	0.0	195.0	97.0	214.0	487.0
83.0	73.0	487.0	1.0	0.1	1.02669	100.1	1.0	183.0	119.0	184.0	486.0
84.0	74.0	486.0	1.0	0.1	1.02881	100.1	0.0	199.0	109.0	178.0	507.0
85.0	75.0	507.0	1.0	0.1	0.986193	100.1	4.0	203.0	108.0	192.0	518.0
86.0	76.0	518.0	1.0	0.1	0.965251	100.1	0.0	198.0	95.0	225.0	491.0
87.0	77.0	491.0	1.0	0.1	1.01833	100.1	3.0	193.0	99.0	196.0	488.0
88.0	78.0	488.0	1.0	0.1	1.02459	100.1	2.0	191.0	105.0	190.0	489.0
89.0	79.0	489.0	1.0	0.1	1.02249	100.1	4.0	181.0	101.0	203.0	467.0
90.0	80.0	467.0	1.0	0.1	1.07066	100.1	2.0	198.0	100.0	167.0	498.0
91.0	81.0	498.0	1.0	0.1	1.00402	100.1	2.0	184.0	119.0	193.0	489.0
92.0	82.0	489.0	1.0	0.1	1.02249	100.1	2.0	213.0	89.0	185.0	517.0
93.0	83.0	517.0	1.0	0.1	0.967118	100.1	5.0	199.0	115.0	198.0	518.0
94.0	84.0	518.0	1.0	0.1	0.965251	100.1	1.0	207.0	102.0	208.0	517.0
95.0	85.0	517.0	1.0	0.1	0.967118	100.1	2.0	183.0	104.0	228.0	472.0
96.0	86.0	472.0	1.0	0.1	1.05932	100.1	3.0	156.0	145.0	168.0	460.0
97.0	87.0	460.0	1.0	0.1	1.08696	100.1	1.0	182.0	117.0	160.0	482.0
98.0	88.0	482.0	1.0	0.1	1.03734	100.1	3.0	201.0	101.0	177.0	506.0
99.0	89.0	506.0	1.0	0.1	0.988142	100.1	2.0	200.0	96.0	208.0	498.0
100.0	90.0	498.0	1.0	0.1	1.00402	100.1	3.0	182.0	122.0	191.0	489.0
101.0	91.0	489.0	1.0	0.1	1.02249	100.1	2.0	196.0	105.0	186.0	499.0
102.0	92.0	499.0	1.0	0.1	1.002	100.1	3.0	186.0	102.0	208.0	477.0
103.0	93.0	477.0	1.0	0.1	1.04822	100.1	0.0	166.0	106.0	205.0	438.0
104.0	94.0	438.0	1.0	0.1	1.14155	100.1	3.0	165.0	138.0	132.0	471.0
105.0	95.0	471.0	1.0	0.1	1.06157	100.1	3.0	178.0	126.0	164.0	485.0
106.0	96.0	485.0	1.0	0.1	1.03093	100.1	3.0	199.0	108.0	175.0	509.0
107.0	97.0	509.0	1.0	0.1	0.982318	100.1	1.0	182.0	123.0	203.0	488.0
108.0	98.0	488.0	1.0	0.1	1.02459	100.1	0.0	205.0	84.0	199.0	494.0
109.0	99.0	494.0	1.0	0.1	1.01215	100.1	1.0	212.0	92.0	189.0	517.0
